7.542248511378460418e-02 8.945698241634050252e-01 9.915943344001756365e-01
1.098586911667058102e-01 8.884155365457744313e-01 9.691969773782442843e-01
1.336274722388753056e-01 8.830199261044759940e-01 9.511807099842699564e-01
1.673274008364527832e-01 8.779061805340754310e-01 9.264847631419386165e-01
2.044003120858542688e-01 8.719655411699820391e-01 9.087462190139625751e-01
2.438511946263559327e-01 8.634812725449383386e-01 8.956930776337268529e-01
2.876858597839842546e-01 8.530486280993350157e-01 8.812359577438183544e-01
3.311803867032395710e-01 8.456211370898276680e-01 8.653674882938305890e-01
3.764885122702538167e-01 8.398193824918103179e-01 8.545247968556661800e-01
4.227558408403703782e-01 8.340191837471661040e-01 8.458968469682760505e-01
4.723714731068741624e-01 8.269402700143750895e-01 8.379701095247313880e-01
5.182550348649637151e-01 8.176058810814121891e-01 8.295312614708374443e-01
5.679862746198439671e-01 8.097004875025272108e-01 8.192911483593694477e-01
6.205322653107439024e-01 8.038184731545602313e-01 8.096773987766411329e-01
6.605823739626717206e-01 7.986446731861900350e-01 8.020774846418968762e-01
7.236025150530368544e-01 7.936205596862134781e-01 7.961521359789383023e-01
7.595838064623935404e-01 7.877218258924354455e-01 7.909556198418731254e-01
8.132691450065543393e-01 7.803814966245369300e-01 7.860837062215751958e-01
