1.977364295848778319e-01 8.546336477571777612e-01 8.542036832373933741e-01 1.677849242965000487e+00
2.147361814220548337e-01 8.427969243409292321e-01 8.464279641973406765e-01 1.822096920595676295e+00
2.388059705118539822e-01 8.351669360503720663e-01 8.367799273896627810e-01 2.026335853641199947e+00
2.689267017370606250e-01 8.249326550071118813e-01 8.270052380850061446e-01 2.281918733284892475e+00
2.917364752695735253e-01 8.178442966086624244e-01 8.201238086945985550e-01 2.475466079790923590e+00
3.167929076002092836e-01 8.103942119982560088e-01 8.136239371873528192e-01 2.688076958350936518e+00
3.388367271325437025e-01 8.023076709303715859e-01 8.059783194346272772e-01 2.875124969645729944e+00
3.649339293562579023e-01 7.968590498491162633e-01 7.981595368482821140e-01 3.096567073594349573e+00
3.939541826491828602e-01 7.905241511894764983e-01 7.928605767699543616e-01 3.342812088336491350e+00
4.250197582615105052e-01 7.836370421006435549e-01 7.884334767351752760e-01 3.606412238459774766e+00
