1.977364295848778319e-01 8.546336477571777612e-01 8.542036832373933741e-01 1.677849242965000487e+00 1.118566161976666980e-02 6.676037016696704032e-03
2.147361814220548337e-01 8.427969243409292321e-01 8.464279641973406765e-01 1.822096920595676295e+00 1.214731280397117474e-02 7.335989355127827544e-03
2.388059705118539822e-01 8.351669360503720663e-01 8.367799273896627810e-01 2.026335853641199947e+00 1.350890569094133180e-02 7.998436288947315120e-03
2.689267017370606250e-01 8.249326550071118813e-01 8.270052380850061446e-01 2.281918733284892475e+00 1.521279155523261491e-02 8.664167521307459402e-03
2.917364752695735253e-01 8.178442966086624244e-01 8.201238086945985550e-01 2.475466079790923590e+00 1.650310719860615533e-02 9.330750561303717550e-03
3.167929076002092836e-01 8.103942119982560088e-01 8.136239371873528192e-01 2.688076958350936518e+00 1.792051305567290975e-02 1.000059672072149339e-02
3.388367271325437025e-01 8.023076709303715859e-01 8.059783194346272772e-01 2.875124969645729944e+00 1.916749979763819958e-02 1.067042673163122284e-02
3.649339293562579023e-01 7.968590498491162633e-01 7.981595368482821140e-01 3.096567073594349573e+00 2.064378049062899623e-02 1.134134392427640740e-02
3.939541826491828602e-01 7.905241511894764983e-01 7.928605767699543616e-01 3.342812088336491350e+00 2.228541392224327525e-02 1.201442277946853515e-02
4.250197582615105052e-01 7.836370421006435549e-01 7.884334767351752760e-01 3.606412238459774766e+00 2.404274825639849886e-02 1.268697366310208435e-02
